2025-05-22 20:47:07 - TBB - graph_bfs - 编译失败 - 运行时长: N/A
2025-05-22 20:48:08 - TBB - array_sum - 编译失败 - 运行时长: N/A
2025-05-22 20:48:09 - TBB - matrix_multiply - 编译失败 - 运行时长: N/A
2025-05-22 20:48:09 - TBB - graph_bfs - 编译失败 - 运行时长: N/A
2025-05-22 20:52:21 - TBB - array_sum - 运行失败 - 运行时长: 9ms
  avg_cpu_usage: 5.905555555555555
  max_cpu_usage: 9.4
  avg_memory_usage: 0.006748577125558944
  max_memory_usage: 0.006749208152163544
  avg_gpu_usage: 0.0
  max_gpu_usage: 0
2025-05-22 20:53:51 - TBB - array_sum - 运行成功 - 运行时间: 419ms - 验证失败
  avg_cpu_usage: 12.2
  max_cpu_usage: 14.3
  avg_memory_usage: 0.006748072304275264
  max_memory_usage: 0.006748072304275264
  avg_gpu_usage: 0.0
  max_gpu_usage: 0
  核心代码执行时段: 418.99991035461426ms
2025-05-22 20:55:34 - TBB - array_sum - 运行成功 - 运行时间: 134ms - 验证失败
  avg_cpu_usage: 15.5
  max_cpu_usage: 15.5
  avg_memory_usage: 0.006738606905206258
  max_memory_usage: 0.006738606905206258
  avg_gpu_usage: 0.0
  max_gpu_usage: 0
  核心代码执行时段: 134.00006294250488ms
2025-05-22 20:56:38 - TBB - array_sum - 编译失败 - 运行时长: N/A
2025-05-22 20:56:58 - TBB - matrix_multiply - 运行成功 - 运行时间: 17181ms - 验证成功
  avg_cpu_usage: 11.967625899280575
  max_cpu_usage: 16.6
  avg_memory_usage: 0.00677495403763124
  max_memory_usage: 0.006774954037631239
  avg_gpu_usage: 0.0
  max_gpu_usage: 0
  核心代码执行时段: 17181.999921798706ms
